radius (analytic) [pc],analytic [1],radius (models) [pc],M 95% CL low [1],M 68% CL low [1],M median [1],M 68% CL high [1],M 95% CL high [1]
16.1639607287935,0.0254621049,16.1639607287935,-0.5851966375975,0.05865315014584,0.1307085116,0.190759669858045,0.505766174327992
38.686837132492975,0.1301830172,38.686837132492975,-0.1583690931894,0.24279485061173,0.3039875240,0.370832862587476,0.613209770646827
53.4127402812162,0.2219667314,53.4127402812162,0.03912262747581,0.34428387709907,0.4157191825,0.466266013948670,0.651460707177043
65.44428925475646,0.2998647686,65.44428925475646,0.17113706763006,0.40681972954328,0.4867080388,0.537584692310643,0.680988506602017
76.48301562420859,0.3690713081,76.48301562420859,0.28497008334426,0.47704375078762,0.5425088415,0.599048409736901,0.723196294072583
90.66723386803876,0.4511690655,90.66723386803876,0.37258996258680,0.53784127312730,0.6119501998,0.672059229799461,0.801317502440552
107.28706595935323,0.5351110737,107.28706595935323,0.44639227828529,0.62184968588375,0.7048993829,0.756371491041579,0.872532308610195
127.28189834828981,0.6183305406,127.28189834828981,0.52676982391051,0.71414405448626,0.7836434807,0.841458687065893,0.958376865152621
151.5380229744172,0.6966366629,151.5380229744172,0.63395168965846,0.79646639271796,0.8596587791,0.931533990819509,1.0
184.5879186994499,0.7731021684,184.5879186994499,0.70254319971247,0.90267414657994,0.9648826019,1.0,1.0
230.5026957789292,0.8416004507,230.5026957789292,0.77633723710229,1.0,1.0,1.0,1.0
306.0438044401027,0.9035333889,306.0438044401027,0.88104345230372,1.0,1.0,1.0,1.0
612.0876088802054,0.9740024236,612.0876088802054,1.0,1.0,1.0,1.0,1.0
1224.1752177604108,0.9933713594,1224.1752177604108,1.0,1.0,1.0,1.0,1.0
2448.3504355208215,0.9983345601,2448.3504355208215,1.0,1.0,1.0,1.0,1.0
