# radius (models) [pc],M 95% CL low [Msun/pc^3],M 68% CL low [Msun/pc^3],M median [Msun/pc^3],M 68% CL high [Msun/pc^3],M 95% CL high [Msun/pc^3]
1.231805959367997616e+01,7.560051284672812157e-03,1.098657961131193739e+00,3.664862291083334611e+00,1.097713591979892911e+01,1.706014857496390391e+02
2.904403972524801247e+01,3.001625811713899174e-03,4.069802922661137079e-01,1.294635336903252831e+00,3.779702093108042948e+00,5.107711672369067912e+01
4.067630352123993731e+01,2.012164859211485260e-03,2.742809178600976727e-01,8.468110502182870647e-01,2.459876963861121535e+00,3.251036711166990756e+01
5.285340927791877164e+01,1.534092884430992990e-03,2.031740535665984837e-01,6.139358290155668696e-01,1.802379640732274524e+00,2.253312166059063060e+01
6.811221190126491365e+01,1.069497755549597478e-03,1.457495815026130792e-01,4.522695141449959988e-01,1.306779296608923335e+00,1.616337444257966993e+01
8.843670765716397852e+01,6.947038957060210377e-04,1.028785124231414022e-01,3.215804707007348662e-01,8.976429093126333525e-01,1.127094420624676729e+01
1.207222710303464481e+02,5.009186528331495631e-04,6.865264611253618643e-02,2.163505857347221284e-01,5.857467349192138073e-01,6.911208427400459264e+00
1.716589457417991014e+02,3.175938881627765262e-04,4.261700115766659663e-02,1.351968284588208613e-01,3.663475475917200019e-01,4.123399995246776584e+00
2.500368083139468354e+02,2.009604293555998478e-04,2.535246391035275021e-02,8.402025405916439815e-02,2.236103144076428406e-01,2.566400914609788586e+00
3.936566143188119327e+02,1.014241742288996283e-04,1.465476730853014671e-02,4.887473974225673562e-02,1.323798294696700573e-01,1.669685489310084536e+00
7.873132286376238653e+02,3.317712487895216095e-05,6.336012909538315564e-03,2.431470867365593050e-02,6.925723902984110003e-02,8.841615284262002161e-01
1.574626457275247731e+03,9.004256581489157571e-06,1.990679483116749703e-03,8.687809624081501217e-03,2.863231669007118216e-02,3.466911005838529958e-01
3.149252914550495461e+03,2.355561741547201039e-06,5.323036587040120464e-04,2.413211033230296728e-03,8.390942647561759615e-03,9.892871903740194095e-02
