# edges,bins
-1.800000000000000044e+00,0.000000000000000000e+00
-1.600000000000000089e+00,0.000000000000000000e+00
-1.399999999999999911e+00,0.000000000000000000e+00
-1.199999999999999956e+00,0.000000000000000000e+00
-1.000000000000000000e+00,0.000000000000000000e+00
-7.999999999999998224e-01,0.000000000000000000e+00
-5.999999999999998668e-01,0.000000000000000000e+00
-3.999999999999999112e-01,0.000000000000000000e+00
-1.999999999999999556e-01,0.000000000000000000e+00
0.000000000000000000e+00,0.000000000000000000e+00
2.000000000000001776e-01,0.000000000000000000e+00
4.000000000000003553e-01,0.000000000000000000e+00
6.000000000000000888e-01,0.000000000000000000e+00
8.000000000000002665e-01,0.000000000000000000e+00
1.000000000000000000e+00,0.000000000000000000e+00
1.200000000000000178e+00,0.000000000000000000e+00
1.400000000000000355e+00,0.000000000000000000e+00
1.600000000000000089e+00,0.000000000000000000e+00
1.800000000000000266e+00,0.000000000000000000e+00
2.000000000000000000e+00,0.000000000000000000e+00
2.200000000000000178e+00,0.000000000000000000e+00
2.400000000000000355e+00,3.360215053763437876e-03
2.600000000000000533e+00,9.408602150537627440e-02
2.800000000000000711e+00,8.165322580645153483e-01
3.000000000000000000e+00,1.824596774193554705e+00
3.200000000000000178e+00,1.179435483870966639e+00
3.400000000000000355e+00,4.872311827956984920e-01
3.600000000000000533e+00,1.276881720430106393e-01
3.800000000000000711e+00,4.032258064516125451e-02
4.000000000000000000e+00,4.704301075268834537e-02
4.200000000000000178e+00,4.704301075268813720e-02
4.400000000000000355e+00,4.032258064516125451e-02
4.600000000000000533e+00,3.024193548387093741e-02
4.800000000000000711e+00,3.360215053763437876e-02
5.000000000000000000e+00,3.360215053763453141e-02
5.200000000000000178e+00,4.032258064516125451e-02
5.400000000000000355e+00,5.040322580645156814e-02
5.600000000000000533e+00,2.688172043010750301e-02
5.800000000000000711e+00,3.360215053763437876e-02
6.000000000000000000e+00,4.368279569892488667e-02
