# radius (models) [pc],M 95% CL low [1],M 68% CL low [1],M median [1],M 68% CL high [1],M 95% CL high [1]
4.963958382743165032e+01,-7.936740232582450982e-01,-1.617346687679563355e-01,4.095306400887204629e-02,1.978561665777752165e-01,8.273743727950421123e-01
1.249460494383280036e+02,-7.412375758627794964e-01,-1.258146906196900006e-01,1.496156702540312466e-01,3.598508735518941015e-01,9.450347899882880487e-01
1.852211649821153969e+02,-7.236323744909658462e-01,-7.777305974300038893e-02,2.439322315579442457e-01,4.936726008819991018e-01,1.000000000000000000e+00
2.446875216267239068e+02,-6.849166759840139562e-01,7.545109931327384500e-03,3.235160031433453875e-01,6.255575823363872523e-01,1.000000000000000000e+00
3.133193988808190511e+02,-6.811686396910233698e-01,8.264346454103194128e-02,4.212106023247558229e-01,8.046700788773312185e-01,1.000000000000000000e+00
3.956474326980400633e+02,-6.383371678835155771e-01,1.525218799736380582e-01,5.731511725570814786e-01,1.000000000000000000e+00,1.000000000000000000e+00
5.005629172500010213e+02,-6.607766301861349723e-01,2.797973453709848290e-01,8.511341675239590954e-01,1.000000000000000000e+00,1.000000000000000000e+00
6.442400639371463740e+02,-6.830893268276516661e-01,4.772720051490403903e-01,1.000000000000000000e+00,1.000000000000000000e+00,1.000000000000000000e+00
8.621261679950407597e+02,-7.262902493367688894e-01,9.007405479453021169e-01,1.000000000000000000e+00,1.000000000000000000e+00,1.000000000000000000e+00
1.432197757377960897e+03,-3.237161493983631289e-01,1.000000000000000000e+00,1.000000000000000000e+00,1.000000000000000000e+00,1.000000000000000000e+00
2.864395514755921795e+03,1.000000000000000000e+00,1.000000000000000000e+00,1.000000000000000000e+00,1.000000000000000000e+00,1.000000000000000000e+00
5.728791029511843590e+03,1.000000000000000000e+00,1.000000000000000000e+00,1.000000000000000000e+00,1.000000000000000000e+00,1.000000000000000000e+00
1.145758205902368718e+04,1.000000000000000000e+00,1.000000000000000000e+00,1.000000000000000000e+00,1.000000000000000000e+00,1.000000000000000000e+00
