  -4.1824416e-01  -3.7153765e+00   2.1286035e-01  -1.4572218e+00  -3.2990713e+00   0.0000000e+00  -6.6588580e-01  -3.2692794e+00   0.0000000e+00
  -3.5427539e-01  -4.0164065e+00   0.0000000e+00  -1.3531563e+00            -Inf            -Inf  -6.0986342e-01  -2.9682494e+00   2.1286035e-01
  -2.9030662e-01  -3.7153765e+00   2.1286035e-01  -1.2490908e+00            -Inf            -Inf  -5.5384103e-01  -3.2692794e+00   0.0000000e+00
  -2.2633784e-01  -3.3174365e+00   3.1258889e-01  -1.1450253e+00            -Inf            -Inf  -4.9781865e-01  -2.9682494e+00   2.1286035e-01
  -1.6236907e-01  -2.3004032e+00   2.3796685e-01  -1.0409598e+00            -Inf            -Inf  -4.4179627e-01  -2.6672194e+00   3.0103000e-01
  -9.8400299e-02  -1.5964508e+00   1.4922086e-01  -9.3689428e-01  -2.9980413e+00   2.1286035e-01  -3.8577388e-01  -2.3661894e+00   3.1929053e-01
  -3.4431526e-02  -1.0010467e+00   9.3682669e-02  -8.3282878e-01  -2.8219500e+00   2.7546608e-01  -3.2975150e-01  -2.0388305e+00   2.9842770e-01
   2.9537247e-02  -4.8595066e-01   6.0618176e-02  -7.2876329e-01  -2.6001013e+00   3.1258889e-01  -2.7372912e-01  -1.7378005e+00   2.6264647e-01
   9.3506020e-02  -6.8863901e-01   7.2155465e-02  -6.2469779e-01  -1.6862874e+00   2.5187452e-01  -2.1770673e-01  -1.2200614e+00   1.9363290e-01
   1.5747479e-01  -9.5457719e-01   9.0170883e-02  -5.2063230e-01  -1.3034361e+00   2.0056888e-01  -1.6168435e-01  -8.7482771e-01   1.5204783e-01
   2.2144357e-01  -1.2485089e+00   1.1434080e-01  -4.1656680e-01  -8.4575292e-01   1.4557766e-01  -1.0566197e-01  -6.9757056e-01   1.3315804e-01
   2.8541234e-01  -1.5236461e+00   1.4135147e-01  -3.1250130e-01  -7.3204489e-01   1.3363405e-01  -4.9639584e-02  -8.3471049e-01   1.4761742e-01
   3.4938111e-01  -1.7445649e+00   1.6613351e-01  -2.0843581e-01  -9.1525589e-01   1.5323746e-01   6.3827992e-03  -9.8597816e-01   1.6478307e-01
   4.1334988e-01  -1.8671874e+00   1.8099690e-01  -1.0437031e-01  -1.0686223e+00   1.7106762e-01   6.2405183e-02  -1.0413927e+00   1.7137590e-01
   4.7731866e-01  -1.8828676e+00   1.8294945e-01  -3.0481468e-04  -1.1655324e+00   1.8294945e-01   1.1842757e-01  -1.1689088e+00   1.8711588e-01
   5.4128743e-01  -1.8260748e+00   1.7593168e-01   1.0376068e-01  -1.2616448e+00   1.9515007e-01   1.7444995e-01  -1.3942181e+00   2.1651343e-01
   6.0525620e-01  -1.7783604e+00   1.7015549e-01   2.0782618e-01  -1.2696875e+00   1.9618793e-01   2.3047233e-01  -1.4119469e+00   2.1888873e-01
   6.6922498e-01  -1.8288858e+00   1.7627544e-01   3.1189167e-01  -1.2947499e+00   1.9943743e-01   2.8649472e-01  -1.4839496e+00   2.2858806e-01
   7.3319375e-01  -1.8958326e+00   1.8457227e-01   4.1595717e-01  -1.4069767e+00   2.1423753e-01   3.4251710e-01  -1.7010777e+00   2.5781078e-01
   7.9716252e-01  -1.9229848e+00   1.8799482e-01   5.2002267e-01  -1.3400299e+00   2.0536334e-01   3.9853948e-01  -2.0388305e+00   2.9842770e-01
   8.6113130e-01  -2.0719238e+00   2.0728255e-01   6.2408816e-01  -1.4417388e+00   2.1888873e-01   4.5456187e-01  -2.3661894e+00   3.1929053e-01
   9.2510007e-01  -2.0921272e+00   2.0995608e-01   7.2815366e-01  -1.6178300e+00   2.4266627e-01   5.1058425e-01  -2.1900981e+00   3.1153279e-01
   9.8906884e-01  -2.4482048e+00   2.5781078e-01   8.3221916e-01  -1.9373434e+00   2.8393988e-01   5.6660663e-01  -2.5703094e+00   3.1258889e-01
   1.0530376e+00  -2.6361953e+00   2.8173444e-01   9.3628465e-01  -2.3448288e+00   3.1808084e-01   6.2262902e-01  -2.5703094e+00   3.1258889e-01
   1.1170064e+00  -3.0164065e+00   3.1622777e-01   1.0403501e+00            -Inf            -Inf   6.7865140e-01  -2.7921581e+00   2.7546608e-01
   1.1809752e+00  -3.3174365e+00   3.1258889e-01   1.1444156e+00            -Inf            -Inf   7.3467378e-01  -3.2692794e+00   0.0000000e+00
   1.2449439e+00  -3.5392852e+00   2.7546608e-01   1.2484811e+00            -Inf            -Inf   7.9069617e-01            -Inf            -Inf
   1.3089127e+00            -Inf            -Inf   1.3525466e+00            -Inf            -Inf   8.4671855e-01            -Inf            -Inf
   1.3728815e+00  -4.0164065e+00   0.0000000e+00   1.4566121e+00            -Inf            -Inf   9.0274093e-01            -Inf            -Inf
   1.4368503e+00  -4.0164065e+00   0.0000000e+00   1.5606776e+00  -3.2990713e+00   0.0000000e+00   9.5876332e-01  -2.9682494e+00   2.1286035e-01
