radius (analytic) [pc],analytic [log(Msun/pc^3)/log(pc)],radius (models) [pc],M 95% CL low [log(Msun/pc^3)/log(pc)],M 68% CL low [log(Msun/pc^3)/log(pc)],M median [log(Msun/pc^3)/log(pc)],M 68% CL high [log(Msun/pc^3)/log(pc)],M 95% CL high [log(Msun/pc^3)/log(pc)]
7.849729181443441,0.9124783484969939,7.849729181443441,0.0015126966528303538,0.1040900316406832,0.3144478708469224,0.5502650780816929,1.5399758786404039
15.699458362886881,1.02237730777586,15.699458362886881,0.00785429415153691,0.24437849880313187,0.979569987707662,1.3185118535739222,3.6095331532065016
38.640157849049665,1.0495834721753994,38.640157849049665,0.0108901094138033,0.3763777569256934,0.8874980354067314,1.5097327864195251,4.553203751532292
54.950533917186156,1.088488382218133,54.950533917186156,0.11314867969726768,0.7388980094864878,1.5079183979888975,2.1192359426673333,4.279325301216817
66.7838837587289,1.114388337413008,66.7838837587289,0.04518128612162649,0.6275158826938738,0.9164337857458933,1.6153183127054327,4.298941482876883
78.23396825797555,1.1349379941757152,78.23396825797555,0.006506935972073651,0.16025255670694172,0.46130811775443464,0.8816845870283079,2.734637951652708
91.62507905669908,1.1562470208279367,91.62507905669908,0.02564630476584532,0.429355438996017,0.878278785777604,1.6218347036375602,3.691342997597511
107.36995602664283,1.1806207790812775,107.36995602664283,0.29781468573502595,1.175078772330925,1.870135379063574,2.552319905354471,5.447055627944966
128.85797548892216,1.2107035045431143,128.85797548892216,0.032997506423088054,0.3662809675073312,0.7902372184567438,1.1934806496537385,4.448802135018032
154.99739977001525,1.2478862978304224,154.99739977001525,0.07944304136041597,0.6196436169339932,1.4380653552926153,2.5843745946414893,5.349464712587361
188.79065909615264,1.292434280930275,188.79065909615264,0.05599325478236657,0.47091899337433574,0.8174622341629585,1.3958553191942276,2.5902877541196125
239.81574658342802,1.3513406894509339,239.81574658342802,0.020804910478734458,0.4826353482509793,0.8284628299684125,1.4963618453815564,4.243907945292474
316.68014075899947,1.4327059954373087,316.68014075899947,0.0034458468899227143,0.09913147669669199,0.2481027122518954,0.43201383617594524,1.2560950616323756
633.3602815179989,1.621889076736541,633.3602815179989,0.04865154357954288,0.3523846239622652,0.6020241646158593,1.0125820979679347,2.3784299981193593
1266.7205630359979,1.9455414755952387,1266.7205630359979,0.49193220881019295,0.9239957506406644,1.2193633016780996,1.551695970690679,2.568328183682624
2533.4411260719958,2.280939065666914,2533.4411260719958,0.7264049927136992,1.6119982692902868,2.3138218805151363,2.8789462076166514,4.08797175888836
25334.411260719957,2.744651832832893,25334.411260719957,3.4152660679612734,4.755727869133658,5.300263764906589,5.910403510656747,7.427921916646318
