# edges,bins
-1.866666666666666696e+00,0.000000000000000000e+00
-1.733333333333333393e+00,0.000000000000000000e+00
-1.600000000000000089e+00,0.000000000000000000e+00
-1.466666666666666785e+00,0.000000000000000000e+00
-1.333333333333333481e+00,0.000000000000000000e+00
-1.199999999999999956e+00,0.000000000000000000e+00
-1.066666666666666652e+00,0.000000000000000000e+00
-9.333333333333333481e-01,0.000000000000000000e+00
-8.000000000000000444e-01,0.000000000000000000e+00
-6.666666666666667407e-01,0.000000000000000000e+00
-5.333333333333334370e-01,0.000000000000000000e+00
-3.999999999999999112e-01,0.000000000000000000e+00
-2.666666666666666075e-01,0.000000000000000000e+00
-1.333333333333333037e-01,0.000000000000000000e+00
0.000000000000000000e+00,0.000000000000000000e+00
1.333333333333333037e-01,0.000000000000000000e+00
2.666666666666666075e-01,0.000000000000000000e+00
3.999999999999999112e-01,0.000000000000000000e+00
5.333333333333332149e-01,0.000000000000000000e+00
6.666666666666665186e-01,0.000000000000000000e+00
7.999999999999998224e-01,0.000000000000000000e+00
9.333333333333331261e-01,0.000000000000000000e+00
1.066666666666666430e+00,0.000000000000000000e+00
1.200000000000000178e+00,0.000000000000000000e+00
1.333333333333333481e+00,0.000000000000000000e+00
1.466666666666666785e+00,0.000000000000000000e+00
1.600000000000000089e+00,0.000000000000000000e+00
1.733333333333333393e+00,0.000000000000000000e+00
1.866666666666666696e+00,0.000000000000000000e+00
2.000000000000000000e+00,0.000000000000000000e+00
2.133333333333332860e+00,0.000000000000000000e+00
2.266666666666666607e+00,1.094890510948901691e-02
2.400000000000000355e+00,1.916058394160578271e-01
2.533333333333333215e+00,8.239051094890540439e-01
2.666666666666666963e+00,1.453467153284667024e+00
2.799999999999999822e+00,1.089416058394164333e+00
2.933333333333333570e+00,1.062043795620434716e+00
3.066666666666666430e+00,1.248175182481756407e+00
3.200000000000000178e+00,7.718978102189757440e-01
3.333333333333333037e+00,2.901459854014609152e-01
3.466666666666666785e+00,6.021897810218959646e-02
3.599999999999999645e+00,1.094890510948908977e-02
3.733333333333333393e+00,2.737226277372254574e-02
3.866666666666666252e+00,4.105839416058408575e-02
4.000000000000000000e+00,2.463503649635028631e-02
4.133333333333332860e+00,2.189781021897817953e-02
4.266666666666666607e+00,2.737226277372254574e-02
4.400000000000000355e+00,1.642335766423352536e-02
4.533333333333333215e+00,1.642335766423363638e-02
4.666666666666666963e+00,3.832116788321156264e-02
4.799999999999999822e+00,2.189781021897817953e-02
4.933333333333333570e+00,3.284671532846705072e-02
5.066666666666666430e+00,3.010948905109499946e-02
5.200000000000000178e+00,1.368613138686127287e-02
5.333333333333333037e+00,4.105839416058408575e-02
5.466666666666666785e+00,1.916058394160578132e-02
5.599999999999999645e+00,2.737226277372272615e-02
5.733333333333333393e+00,2.737226277372254574e-02
5.866666666666666252e+00,2.189781021897817953e-02
6.000000000000000000e+00,3.832116788321156264e-02
