# radius (models) [pc],M 95% CL low [1],M 68% CL low [1],M median [1],M 68% CL high [1],M 95% CL high [1]
1.884998741970739999e+01,-5.470659474576089476e-01,7.613516482820480158e-02,1.635255091677040307e-01,2.728336477978862140e-01,9.219009806116462702e-01
4.444529426690729679e+01,-3.508763009146398937e-01,2.255619225072389433e-01,3.819342847758883108e-01,5.414975260151055902e-01,1.000000000000000000e+00
6.224582726072926420e+01,-2.354781756730782161e-01,3.383650676602960594e-01,5.279367229293205899e-01,7.243513545223653205e-01,1.000000000000000000e+00
8.088011690482318272e+01,-1.111458075598724671e-01,4.629881670526075910e-01,6.856104242186372710e-01,9.172706771062516529e-01,1.000000000000000000e+00
1.042302424097725577e+02,-8.447436464922297716e-04,6.121673823428509520e-01,8.826181441094644864e-01,1.000000000000000000e+00,1.000000000000000000e+00
1.353322586321294523e+02,1.028154278077653139e-02,8.075343168053141785e-01,1.000000000000000000e+00,1.000000000000000000e+00,1.000000000000000000e+00
1.847379672824513932e+02,1.316747288925810555e-01,1.000000000000000000e+00,1.000000000000000000e+00,1.000000000000000000e+00,1.000000000000000000e+00
2.626849580573001504e+02,2.820564936333467831e-01,1.000000000000000000e+00,1.000000000000000000e+00,1.000000000000000000e+00,1.000000000000000000e+00
3.826244430250917503e+02,4.829731270153467260e-01,1.000000000000000000e+00,1.000000000000000000e+00,1.000000000000000000e+00,1.000000000000000000e+00
6.024018775977839368e+02,8.121205027491702477e-01,1.000000000000000000e+00,1.000000000000000000e+00,1.000000000000000000e+00,1.000000000000000000e+00
