# radius (models) [pc],M 95% CL low [1],M 68% CL low [1],M median [1],M 68% CL high [1],M 95% CL high [1]
8.061679181483404477e+01,-6.132262048533909216e+00,-2.949084544360541793e-01,1.542598816678861229e-01,4.169830188652524638e-01,9.098123313162979064e-01
2.029176894526920591e+02,-4.606297326821484184e+00,-1.135969404127034343e-01,4.279113123102811223e-01,6.791296199411934742e-01,1.000000000000000000e+00
3.008070363557841347e+02,-4.190703682521415452e+00,1.218316473690258944e-01,5.691718825641134405e-01,8.710967584040739675e-01,1.000000000000000000e+00
3.973829244669942682e+02,-3.502544890859816462e+00,2.678802794564326129e-01,7.313626758276396966e-01,1.000000000000000000e+00,1.000000000000000000e+00
5.088440072127580152e+02,-3.850348517494523559e+00,4.540027571139909623e-01,9.300251735419048371e-01,1.000000000000000000e+00,1.000000000000000000e+00
6.425482297509774980e+02,-4.299300221498228325e+00,6.414036899930454227e-01,1.000000000000000000e+00,1.000000000000000000e+00,1.000000000000000000e+00
8.129354313375442871e+02,-4.941552876407159900e+00,8.761110503364059054e-01,1.000000000000000000e+00,1.000000000000000000e+00,1.000000000000000000e+00
1.046273218038046934e+03,-3.666372851653259879e+00,1.000000000000000000e+00,1.000000000000000000e+00,1.000000000000000000e+00,1.000000000000000000e+00
1.400129502394598603e+03,-1.105934688863196014e+00,1.000000000000000000e+00,1.000000000000000000e+00,1.000000000000000000e+00,1.000000000000000000e+00
2.325949968589515720e+03,9.572973879068794600e-01,1.000000000000000000e+00,1.000000000000000000e+00,1.000000000000000000e+00,1.000000000000000000e+00
