# radius (models) [pc],M 95% CL low [1],M 68% CL low [1],M median [1],M 68% CL high [1],M 95% CL high [1]
8.061679181483404477e+01,-7.234115554265333481e-01,-1.645631488940045017e-01,5.673664516243116795e-02,2.564172814368446129e-01,9.156936922767687781e-01
2.029176894526920591e+02,-6.451407767906370827e-01,-9.801460517354726454e-02,1.884910579910223094e-01,5.005903644173261835e-01,1.000000000000000000e+00
3.008070363557841347e+02,-6.214132754522025959e-01,0.000000000000000000e+00,3.242750477928468822e-01,7.267909405507666509e-01,1.000000000000000000e+00
3.973829244669942682e+02,-5.913271955938219637e-01,3.800464734912937376e-02,5.323579391025685670e-01,9.390814199727121059e-01,1.000000000000000000e+00
5.088440072127580152e+02,-5.722196395156535775e-01,1.508321539330945704e-01,7.342095871299115784e-01,1.000000000000000000e+00,1.000000000000000000e+00
6.425482297509774980e+02,-5.880501674299613013e-01,2.977430718558514156e-01,1.000000000000000000e+00,1.000000000000000000e+00,1.000000000000000000e+00
8.129354313375442871e+02,-5.794661714863060809e-01,5.373233102581421727e-01,1.000000000000000000e+00,1.000000000000000000e+00,1.000000000000000000e+00
1.046273218038046934e+03,-5.479652426155390277e-01,9.385969763664155918e-01,1.000000000000000000e+00,1.000000000000000000e+00,1.000000000000000000e+00
1.400129502394598603e+03,-2.479590783161289558e-01,1.000000000000000000e+00,1.000000000000000000e+00,1.000000000000000000e+00,1.000000000000000000e+00
2.325949968589515720e+03,0.000000000000000000e+00,1.000000000000000000e+00,1.000000000000000000e+00,1.000000000000000000e+00,1.000000000000000000e+00
