# edges,bins
-1.619047619047619069e+00,0.000000000000000000e+00
-1.238095238095238138e+00,0.000000000000000000e+00
-8.571428571428572063e-01,0.000000000000000000e+00
-4.761904761904762751e-01,0.000000000000000000e+00
-9.523809523809534383e-02,0.000000000000000000e+00
2.857142857142855874e-01,0.000000000000000000e+00
6.666666666666665186e-01,0.000000000000000000e+00
1.047619047619047450e+00,0.000000000000000000e+00
1.428571428571428381e+00,0.000000000000000000e+00
1.809523809523809312e+00,0.000000000000000000e+00
2.190476190476189799e+00,0.000000000000000000e+00
2.571428571428571175e+00,0.000000000000000000e+00
2.952380952380952550e+00,9.156976744186036410e-02
3.333333333333333037e+00,9.156976744186057227e-01
3.714285714285713524e+00,2.136627906976746594e-01
4.095238095238094900e+00,2.034883720930230344e-01
4.476190476190476275e+00,2.340116279069764937e-01
4.857142857142856762e+00,3.052325581395352594e-01
5.238095238095237249e+00,1.831395348837211445e-01
5.619047619047618625e+00,2.340116279069764937e-01
6.000000000000000000e+00,2.441860465116276191e-01
