# radius (models) [pc],M 95% CL low [1],M 68% CL low [1],M median [1],M 68% CL high [1],M 95% CL high [1]
2.256394649279303266e+01,-2.836494217681214680e-01,-4.638537854903668212e-02,-2.307374889801188517e-02,-1.622170215031887297e-02,1.755602473565072152e-01
5.337613043897662379e+01,-2.117324440983481271e-01,-2.226821310443297119e-02,-3.094538530627542749e-03,2.649583179425873958e-03,3.656459011964982020e-01
7.470466475518688299e+01,-1.728168449272700635e-01,-5.923994691566854265e-03,1.029542334913814694e-02,1.564139079020534021e-02,5.041031704727206852e-01
9.914468501960577385e+01,-1.391281677242732218e-01,1.139348209278139012e-02,2.567079348027344332e-02,3.044162386712102528e-02,6.531105450745519070e-01
1.292816780189140502e+02,-9.887931172941848146e-02,3.256855282992905665e-02,4.435796004977109186e-02,4.872584942822208443e-02,8.695548942526993841e-01
1.710951681149589376e+02,-5.275118532735204036e-02,6.075396329182491950e-02,6.996450579601012909e-02,7.411164230531046282e-02,1.000000000000000000e+00
2.350046816186589638e+02,1.169939825880966788e-02,1.023815393161000842e-01,1.089362967539495852e-01,1.148782934964916458e-01,1.000000000000000000e+00
3.300110229763188840e+02,9.478621405728671068e-02,1.622643603016318825e-01,1.663759214546062237e-01,1.805750979784163657e-01,1.000000000000000000e+00
4.697956793235183000e+02,1.998570571247263172e-01,2.478431846968404129e-01,2.512082805730319612e-01,2.896868215725118545e-01,1.000000000000000000e+00
7.026156533546377432e+02,3.529151216728090290e-01,3.878528404871843804e-01,3.982636680564289877e-01,4.856479826029601599e-01,1.000000000000000000e+00
