# edges,bins
5.882352941176470631e+04,9.180000000000000199e-06
1.176470588235294126e+05,1.529999999999999963e-06
1.764705882352941262e+05,6.799999999999998422e-07
2.352941176470588252e+05,6.800000000000001598e-07
2.941176470588235534e+05,1.699999999999999341e-07
3.529411764705882524e+05,1.190000000000000253e-06
4.117647058823529514e+05,3.400000000000000799e-07
4.705882352941176505e+05,3.400000000000000799e-07
5.294117647058824077e+05,6.799999999999994187e-07
5.882352941176471068e+05,3.400000000000000799e-07
6.470588235294118058e+05,3.400000000000000799e-07
7.058823529411765048e+05,3.400000000000000799e-07
7.647058823529412039e+05,0.000000000000000000e+00
8.235294117647059029e+05,3.400000000000000799e-07
8.823529411764706019e+05,6.800000000000001598e-07
9.411764705882353010e+05,0.000000000000000000e+00
1.000000000000000000e+06,1.700000000000000400e-07
