# radius (models) [pc],M 95% CL low [1],M 68% CL low [1],M median [1],M 68% CL high [1],M 95% CL high [1]
8.061679181483404477e+01,-7.540659673699814380e-01,-1.285055418511342473e-01,8.357616553693467121e-02,2.634103258742986897e-01,8.345465257507542756e-01
2.029176894526920591e+02,-6.972585548216206908e-01,-5.374579147078172719e-02,2.721928576046960813e-01,5.141531146386657536e-01,1.000000000000000000e+00
3.008070363557841347e+02,-6.769349491485564529e-01,6.486726666348190118e-02,3.977919329570466789e-01,7.716310187688077971e-01,1.000000000000000000e+00
3.973829244669942682e+02,-6.365318157926951326e-01,1.546545982239422856e-01,5.764946859850348382e-01,1.000000000000000000e+00,1.000000000000000000e+00
5.088440072127580152e+02,-6.581400246465107795e-01,2.936633679025687504e-01,8.692028546321399762e-01,1.000000000000000000e+00,1.000000000000000000e+00
6.425482297509774980e+02,-6.825044164152698212e-01,4.721076343787229401e-01,1.000000000000000000e+00,1.000000000000000000e+00,1.000000000000000000e+00
8.129354313375442871e+02,-7.118800309369437418e-01,7.795352473201611065e-01,1.000000000000000000e+00,1.000000000000000000e+00,1.000000000000000000e+00
1.046273218038046934e+03,-6.470405226834894385e-01,1.000000000000000000e+00,1.000000000000000000e+00,1.000000000000000000e+00,1.000000000000000000e+00
1.400129502394598603e+03,-3.560714566306542039e-01,1.000000000000000000e+00,1.000000000000000000e+00,1.000000000000000000e+00,1.000000000000000000e+00
2.325949968589515720e+03,9.180924424704386411e-01,1.000000000000000000e+00,1.000000000000000000e+00,1.000000000000000000e+00,1.000000000000000000e+00
