# radius (models) [pc],M 95% CL low [Msun/pc^3],M 68% CL low [Msun/pc^3],M median [Msun/pc^3],M 68% CL high [Msun/pc^3],M 95% CL high [Msun/pc^3]
4.963958382743165032e+01,1.435329256204748985e-03,9.447399562465512712e-01,4.445355665927360533e+00,1.826681738196698745e+01,2.345230401924907255e+02
1.249460494383280036e+02,6.593192162814233339e-04,2.798466228964394120e-01,1.464875534667534840e+00,4.934659978514490675e+00,7.003504437773476354e+01
1.852211649821153969e+02,4.500713467779804845e-04,1.729442450872959725e-01,8.395388846548699213e-01,3.046337603361873647e+00,3.782931981965190715e+01
2.446875216267239068e+02,2.856298437491405686e-04,1.219108633925782420e-01,6.148526337042041767e-01,1.976629412671169650e+00,2.123332908262744212e+01
3.133193988808190511e+02,1.750164193364344518e-04,8.163590630505868084e-02,4.369447095356287503e-01,1.405489091113516498e+00,1.352478081733283233e+01
3.956474326980400633e+02,1.494832014363936393e-04,6.048924399940816543e-02,3.234546788130333028e-01,1.143939525590208728e+00,9.432894264897095482e+00
5.005629172500010213e+02,1.268500939302203117e-04,4.736019394836225166e-02,2.382047846545478631e-01,8.019155864084371865e-01,6.741391482989582684e+00
6.442400639371463740e+02,8.333453308313507426e-05,3.446009910045716440e-02,1.814641912343348262e-01,5.904506725602794992e-01,5.125305748093310854e+00
8.621261679950407597e+02,6.115493323903839300e-05,2.383654171084981233e-02,1.261306294117601756e-01,3.926683813446044113e-01,3.611300924808455548e+00
1.432197757377960897e+03,3.220711546322023471e-05,1.055581358499199651e-02,4.850329800432633121e-02,1.790438098801969136e-01,2.002245745182358316e+00
2.864395514755921795e+03,5.428332935259358857e-06,3.261354198903215675e-03,1.530418435383967823e-02,5.582610547988971911e-02,1.062448741559809617e+00
5.728791029511843590e+03,1.526953291892972227e-06,7.660570321052801324e-04,3.353027850936065712e-03,1.557019500139894021e-02,2.906372011746605755e-01
1.145758205902368718e+04,3.483652668984470217e-07,1.898225694225809455e-04,8.341859582305929466e-04,4.030631742912008618e-03,8.447222595297171344e-02
