# edges,bins
-1.897435897435897356e+00,0.000000000000000000e+00
-1.794871794871794934e+00,0.000000000000000000e+00
-1.692307692307692291e+00,0.000000000000000000e+00
-1.589743589743589869e+00,6.968852459016402490e-01
-1.487179487179487225e+00,2.039508196721310007e+00
-1.384615384615384581e+00,8.631147540983600264e-01
-1.282051282051281937e+00,5.770081967213109841e-01
-1.179487179487179516e+00,3.276639344262299303e-01
-1.076923076923077094e+00,2.525409836065576896e-01
-9.743589743589744501e-01,2.557377049180326045e-01
-8.717948717948718063e-01,1.886065573770490389e-01
-7.692307692307691624e-01,2.349590163934424381e-01
-6.666666666666667407e-01,1.918032786885248420e-01
-5.641025641025640969e-01,1.726229508196719942e-01
-4.615384615384616751e-01,1.486475409836067740e-01
-3.589743589743590313e-01,1.662295081967211929e-01
-2.564102564102563875e-01,1.614344262295080712e-01
-1.538461538461539657e-01,1.342622950819674088e-01
-5.128205128205132191e-02,1.246721311475408878e-01
5.128205128205109986e-02,1.262704918032788448e-01
1.538461538461537437e-01,1.182786885245900727e-01
2.564102564102563875e-01,1.182786885245900727e-01
3.589743589743590313e-01,1.294672131147540095e-01
4.615384615384616751e-01,1.150819672131146582e-01
5.641025641025638748e-01,1.006967213114757648e-01
6.666666666666665186e-01,1.230737704918031805e-01
7.692307692307691624e-01,1.102868852459015503e-01
8.717948717948718063e-01,9.430327868852451945e-02
9.743589743589744501e-01,9.590163934426222669e-02
1.076923076923076650e+00,9.270491803278721465e-02
1.179487179487179294e+00,9.430327868852451945e-02
1.282051282051281937e+00,9.110655737704910495e-02
1.384615384615384581e+00,8.311475409836059647e-02
1.487179487179487225e+00,9.590163934426222669e-02
1.589743589743589425e+00,9.110655737704949353e-02
1.692307692307692069e+00,1.150819672131146582e-01
1.794871794871794712e+00,1.166803278688523654e-01
1.897435897435897356e+00,1.070901639344261497e-01
2.000000000000000000e+00,1.598360655737703639e-01
2.102564102564102200e+00,1.342622950819676864e-01
2.205128205128205288e+00,1.486475409836058026e-01
2.307692307692307487e+00,1.534426229508202011e-01
2.410256410256409687e+00,1.422540983606562504e-01
2.512820512820512775e+00,1.166803278688518658e-01
2.615384615384614975e+00,9.750000000000035028e-02
2.717948717948718063e+00,4.315573770491781119e-02
2.820512820512820262e+00,3.516393442622963578e-02
2.923076923076923350e+00,3.036885245901623995e-02
3.025641025641025550e+00,6.393442622950842869e-03
3.128205128205127750e+00,1.598360655737710717e-03
3.230769230769230838e+00,3.196721311475393679e-03
3.333333333333333037e+00,3.196721311475421434e-03
3.435897435897436125e+00,4.795081967213090518e-03
3.538461538461538325e+00,6.393442622950842869e-03
3.641025641025640525e+00,3.196721311475421434e-03
3.743589743589743613e+00,4.795081967213090518e-03
3.846153846153845812e+00,3.196721311475421434e-03
3.948717948717948900e+00,7.991803278688484197e-03
4.051282051282051100e+00,7.991803278688551851e-03
4.153846153846153300e+00,4.795081967213131284e-03
4.256410256410256387e+00,4.795081967213090518e-03
4.358974358974358587e+00,4.795081967213131284e-03
4.461538461538461675e+00,1.598360655737696839e-03
4.564102564102563875e+00,7.991803278688551851e-03
4.666666666666666075e+00,6.393442622950842869e-03
4.769230769230769162e+00,1.598360655737696839e-03
4.871794871794871362e+00,4.795081967213131284e-03
4.974358974358974450e+00,3.196721311475393679e-03
5.076923076923076650e+00,0.000000000000000000e+00
5.179487179487178850e+00,7.991803278688551851e-03
5.282051282051281937e+00,4.795081967213090518e-03
5.384615384615384137e+00,4.795081967213131284e-03
5.487179487179487225e+00,3.196721311475393679e-03
5.589743589743589425e+00,1.598360655737710717e-03
5.692307692307691624e+00,1.598360655737710717e-03
5.794871794871794712e+00,4.795081967213090518e-03
5.897435897435896912e+00,9.590163934426262568e-03
6.000000000000000000e+00,3.196721311475393679e-03
