radius (analytic) [pc],analytic [log(Msun/pc^3)/log(pc)],radius (models) [pc],M 95% CL low [log(Msun/pc^3)/log(pc)],M 68% CL low [log(Msun/pc^3)/log(pc)],M median [log(Msun/pc^3)/log(pc)],M 68% CL high [log(Msun/pc^3)/log(pc)],M 95% CL high [log(Msun/pc^3)/log(pc)]
8.08198036439675,0.9146012705779094,8.08198036439675,0.00731548052085059,0.11465455560138649,0.20239779737568053,0.30455288291206906,0.7327824886136282
16.1639607287935,1.0230315271159487,16.1639607287935,0.022618044586316742,0.6632581623825495,0.9979609577528827,1.569182399013623,4.022946644544849
38.686837132492975,1.0502270364446866,38.686837132492975,0.002160445670521897,0.18800729665848476,0.4356859102064733,1.000975069892928,2.6107703035294474
53.4127402812162,1.0872830484774152,53.4127402812162,0.0058962765351941926,0.13460808014035872,0.5723495768398289,1.438029750649664,3.9402866363079028
65.44428925475646,1.111805575864903,65.44428925475646,0.01895527972603034,0.417180310820662,1.3316519275638463,2.2282950939846367,4.844316126301797
76.48301562420859,1.1322604664194653,76.48301562420859,0.004992318344202471,0.3236156821221803,0.8508169943653036,1.204126058591166,4.12318283151962
90.66723386803876,1.153896706979294,90.66723386803876,0.034246587017767983,0.4068369030153722,0.8556859729283219,1.280600224011785,3.0532159470271263
107.28706595935323,1.1797140789827532,107.28706595935323,0.0017409618275020114,0.11265454620437317,0.4275567367988508,0.7994400825928796,2.8686461058144626
127.28189834828981,1.2094492685523723,127.28189834828981,0.00853083108411113,0.2053021969500157,0.4428044410949821,0.73748179667294,2.8657163732480853
151.5380229744172,1.244100636286459,151.5380229744172,0.011948584067407286,0.17708436023762336,0.30456555618861314,0.5151113368047586,1.7278044815829237
184.5879186994499,1.2868535811540225,184.5879186994499,0.07980902368880881,0.7063766359151107,1.3403924521069277,1.794319683342742,4.64123619677773
230.5026957789292,1.3423801553888046,230.5026957789292,0.009350969676313794,0.17932042549615848,0.5320918741884588,1.0454333702133751,3.303969398787867
306.0438044401027,1.4203662611802277,306.0438044401027,0.007836488838313378,0.1417928544449789,0.5792443254593629,0.9583297729041464,2.3812025281250477
612.0876088802054,1.6074657388213969,612.0876088802054,0.006714460991913673,0.051197205159729156,0.12378641416977633,0.18146325178479022,0.4889901469304512
1224.1752177604108,1.928695565983341,1224.1752177604108,0.18605900470780776,0.5173344706588756,0.8011681469995977,1.0840564006986197,2.2654571205630436
2448.3504355208215,2.265276658902563,2448.3504355208215,0.1495710741997014,0.9695972684142731,1.541022596357739,2.0532894413422795,4.3745629417857135
24483.504355208213,2.73729586315209,24483.504355208213,3.5504341095512197,5.103459150142414,5.796597415997716,6.411076049830404,8.194437936380838
