radius (analytic) [pc],analytic [1],radius (models) [pc],M 95% CL low [1],M 68% CL low [1],M median [1],M 68% CL high [1],M 95% CL high [1]
16.1639607287935,0.0128952222,16.1639607287935,-0.2263644587366,0.03021260737113,0.0699240928,0.105436335173381,0.338478600630348
38.686837132492975,0.0696234008,38.686837132492975,-0.0733744259446,0.13817103295893,0.1792366084,0.227621128656229,0.442179183028165
53.4127402812162,0.1248383454,53.4127402812162,0.01995159311030,0.20793653714977,0.2624024591,0.304007095225877,0.483086188622144
65.44428925475646,0.1763770099,65.44428925475646,0.09357566638867,0.25535072024628,0.3216220341,0.367600564274752,0.516287014943048
76.48301562420859,0.2262951838,76.48301562420859,0.16616041538211,0.31323536118278,0.3722210172,0.427601077653511,0.566411493571976
90.66723386803876,0.2912965227,90.66723386803876,0.22894658016184,0.36784055194722,0.4408704931,0.506091269189642,0.668498542418078
107.28706595935323,0.3652912272,107.28706595935323,0.28732624847707,0.45122050876033,0.5442815589,0.608197291709777,0.773886751055939
127.28189834828981,0.4475242152,127.28189834828981,0.35756111465810,0.55538418356882,0.6442547627,0.72630874503286,0.920080241202636
151.5380229744172,0.5344915290,151.5380229744172,0.46407706437553,0.66177328817318,0.7538610053,0.871842419707851,1.0
184.5879186994499,0.6301275856,184.5879186994499,0.54147714171045,0.82261266675397,0.9321479898,1.0,1.0
230.5026957789292,0.7265200087,230.5026957789292,0.63443724908640,1.0,1.0,1.0,1.0
306.0438044401027,0.8240409509,306.0438044401027,0.78737950469804,1.0,1.0,1.0,1.0
612.0876088802054,0.9493223435,612.0876088802054,1.0,1.0,1.0,1.0,1.0
1224.1752177604108,0.9868300180,1224.1752177604108,1.0,1.0,1.0,1.0,1.0
2448.3504355208215,0.9966746584,2448.3504355208215,1.0,1.0,1.0,1.0,1.0
