# radius (models) [pc],M 95% CL low [1],M 68% CL low [1],M median [1],M 68% CL high [1],M 95% CL high [1]
1.884998741970739999e+01,-5.665191229688412156e-01,-1.471700947526084768e-01,-2.517923958765844877e-02,5.004279888674911109e-02,4.835990106523471721e-01
4.444529426690729679e+01,-4.073951783286068884e-01,-6.236765261841610564e-02,4.483170660466019586e-02,1.579108525692517750e-01,7.196539025325621175e-01
6.224582726072926420e+01,-3.355738147972727181e-01,-1.004641555062132235e-02,9.315899727202317515e-02,2.442847661374763779e-01,9.236623085940820488e-01
8.088011690482318272e+01,-2.652879523783611138e-01,3.421531275661227056e-02,1.483320857148767158e-01,3.444285821616242527e-01,1.000000000000000000e+00
1.042302424097725577e+02,-1.911290996021601796e-01,8.566750251664576044e-02,2.269886560474111414e-01,4.608528503791714526e-01,1.000000000000000000e+00
1.353322586321294523e+02,-1.099375221889353216e-01,1.536875877087743592e-01,3.254663170668501415e-01,6.361313490550298821e-01,1.000000000000000000e+00
1.847379672824513932e+02,-2.238988219073828612e-02,2.627507727311827468e-01,4.982927270663788377e-01,9.139812572424740322e-01,1.000000000000000000e+00
2.626849580573001504e+02,8.292360542299409554e-02,4.364322555637814571e-01,7.591506729232850859e-01,1.000000000000000000e+00,1.000000000000000000e+00
3.826244430250917503e+02,1.979606425027042038e-01,7.100993969510386306e-01,1.000000000000000000e+00,1.000000000000000000e+00,1.000000000000000000e+00
6.024018775977839368e+02,3.810375711919066766e-01,1.000000000000000000e+00,1.000000000000000000e+00,1.000000000000000000e+00,1.000000000000000000e+00
