# radius (models) [pc],M 95% CL low [1],M 68% CL low [1],M median [1],M 68% CL high [1],M 95% CL high [1]
1.884998741970739999e+01,-2.415653865664727729e+00,1.414974016583857297e-01,2.810862467204136017e-01,4.287027582432508810e-01,9.593636611999133423e-01
4.444529426690729679e+01,-1.081076846859967855e+00,3.680955133556813585e-01,5.527531793421385231e-01,7.025603568951810374e-01,1.000000000000000000e+00
6.224582726072926420e+01,-6.160142671673005665e-01,5.056394190739292860e-01,6.910452704051435191e-01,8.401435735503061109e-01,1.000000000000000000e+00
8.088011690482318272e+01,-2.500878288141936134e-01,6.329349443548288878e-01,8.134862176548904866e-01,9.568504729761933003e-01,1.000000000000000000e+00
1.042302424097725577e+02,-1.690915683264651321e-03,7.594340253345537306e-01,9.376496735369239666e-01,1.000000000000000000e+00,1.000000000000000000e+00
1.353322586321294523e+02,2.035381692211623086e-02,8.935203158218013586e-01,1.000000000000000000e+00,1.000000000000000000e+00,1.000000000000000000e+00
1.847379672824513932e+02,2.327077304649782796e-01,1.000000000000000000e+00,1.000000000000000000e+00,1.000000000000000000e+00,1.000000000000000000e+00
2.626849580573001504e+02,4.400063414272782913e-01,1.000000000000000000e+00,1.000000000000000000e+00,1.000000000000000000e+00,1.000000000000000000e+00
3.826244430250917503e+02,6.513578947817961762e-01,1.000000000000000000e+00,1.000000000000000000e+00,1.000000000000000000e+00,1.000000000000000000e+00
6.024018775977839368e+02,8.963206381883558338e-01,1.000000000000000000e+00,1.000000000000000000e+00,1.000000000000000000e+00,1.000000000000000000e+00
