radius (analytic) [pc],analytic [Msun/pc^3],radius (models) [pc],M 95% CL low [Msun/pc^3],M 68% CL low [Msun/pc^3],M median [Msun/pc^3],M 68% CL high [Msun/pc^3],M 95% CL high [Msun/pc^3]
16.1639607287935,3.83446370800472,16.1639607287935,0.08342053411016133,0.8888037184575706,1.3504101827049442,3.0038597236682896,19.504941177205463
38.686837132492975,1.5333719464854696,38.686837132492975,0.06805491156226957,0.39430564894427345,0.6840726757276504,0.9203084720389517,6.796950729808167
53.4127402812162,1.0797867699804915,53.4127402812162,0.046951340849216365,0.31673656006073986,0.45754120576598095,0.7224693908021166,5.019676850905996
65.44428925475646,0.8614830704203005,65.44428925475646,0.023694164533834862,0.2588310115368017,0.35399506448821166,0.5845188760632881,4.30298342199277
76.48301562420859,0.7221054573629382,76.48301562420859,0.018984495240418474,0.2107373903060697,0.2902915345883574,0.4902095256122575,3.0606144049071786
90.66723386803876,0.593396658119735,90.66723386803876,0.014476124648841753,0.16029918236929566,0.2428353677855124,0.3736576372207943,2.269607059522385
107.28706595935323,0.4865328538994057,107.28706595935323,0.01124064038364518,0.13263050709750757,0.2167508918600454,0.318642501182008,1.8230624969370706
127.28189834828981,0.39568381302304173,127.28189834828981,0.009647118792720738,0.1208809067701363,0.1811107304401492,0.2885400313340447,1.6117129653102837
151.5380229744172,0.3184944085911027,151.5380229744172,0.008059767523297753,0.10903558962645599,0.1714700262445156,0.26533860949851684,1.3925434866818718
184.5879186994499,0.24708257769215322,184.5879186994499,0.0059134974292147065,0.07774608893188172,0.1427600967627316,0.2257219334286859,1.2111250365525834
230.5026957789292,0.18337445947817252,230.5026957789292,0.004239003228118293,0.05359959947051755,0.1077835023725473,0.19304066278861565,0.9426795110632504
306.0438044401027,0.12259730288436826,306.0438044401027,0.004099535810981801,0.04127435257402762,0.08527662033250648,0.14904403156351814,0.654849029620852
612.0876088802054,0.040233621617379145,612.0876088802054,0.0027438204010916227,0.03367657453934093,0.06278030060680506,0.10980860915405753,0.4848818116852913
1224.1752177604108,0.010568136555625586,1224.1752177604108,0.0019982108430398587,0.022024925421350563,0.042746456121172186,0.07173498059577162,0.39705068977808833
2448.3504355208215,0.002198283130680347,2448.3504355208215,0.0006788965608079246,0.008614179671114887,0.018779124087281086,0.028130756442029194,0.19347072912245825
