# radius (models) [pc],M 95% CL low [1],M 68% CL low [1],M median [1],M 68% CL high [1],M 95% CL high [1]
8.061679181483404477e+01,-5.230960075299767809e+00,-3.939571223753108309e-01,1.073808605429977664e-01,4.081721657690104976e-01,9.559917600276509608e-01
2.029176894526920591e+02,-3.636037812155223925e+00,-2.173308032163998593e-01,3.171939018365692031e-01,6.671912285824967981e-01,1.000000000000000000e+00
3.008070363557841347e+02,-3.282805418993226088e+00,0.000000000000000000e+00,4.897397233804445249e-01,8.417822024465264619e-01,1.000000000000000000e+00
3.973829244669942682e+02,-2.893890609888024379e+00,7.322635297671580001e-02,6.948219153213590626e-01,9.685837946773039331e-01,1.000000000000000000e+00
5.088440072127580152e+02,-2.675296448241655689e+00,2.621271110954090378e-01,8.467368564661394981e-01,1.000000000000000000e+00,1.000000000000000000e+00
6.425482297509774980e+02,-2.854960099200829049e+00,4.588628956116263535e-01,1.000000000000000000e+00,1.000000000000000000e+00,1.000000000000000000e+00
8.129354313375442871e+02,-2.755859967481483430e+00,6.990374850530519657e-01,1.000000000000000000e+00,1.000000000000000000e+00,1.000000000000000000e+00
1.046273218038046934e+03,-2.424438535594677813e+00,9.683260500340434840e-01,1.000000000000000000e+00,1.000000000000000000e+00,1.000000000000000000e+00
1.400129502394598603e+03,-6.594297495432339673e-01,1.000000000000000000e+00,1.000000000000000000e+00,1.000000000000000000e+00,1.000000000000000000e+00
2.325949968589515720e+03,0.000000000000000000e+00,1.000000000000000000e+00,1.000000000000000000e+00,1.000000000000000000e+00,1.000000000000000000e+00
