radius (analytic) [pc],analytic [Msun/pc^3],radius (models) [pc],M 95% CL low [Msun/pc^3],M 68% CL low [Msun/pc^3],M median [Msun/pc^3],M 68% CL high [Msun/pc^3],M 95% CL high [Msun/pc^3]
15.699458362886881,3.9515263614144045,15.699458362886881,0.027422733123075912,1.0461924074579148,2.7727780041130603,7.55764691241976,94.38525854173089
38.640157849049665,1.5353623354089856,38.640157849049665,0.0037784192234442287,0.36306440332484413,1.0281338739551915,2.703742057428128,22.571755248381073
54.950533917186156,1.0465112118864328,54.950533917186156,0.002704353323623948,0.25894823869975453,0.5529797293907637,1.246746396343995,13.559979418291968
66.7838837587289,0.8420840299107594,66.7838837587289,0.0020536247561586457,0.17760045799811824,0.40985643991400167,0.9007086976473843,8.517197593945891
78.23396825797555,0.7036531173077424,78.23396825797555,0.0018102453619180637,0.14699763260091764,0.3485871413195531,0.837204240017264,6.2012928434266446
91.62507905669908,0.5861632992747369,91.62507905669908,0.001695478212038096,0.11342439442166821,0.34727309746052876,0.7409270350573535,5.251776265441673
107.36995602664283,0.4860844704217657,107.36995602664283,0.001463774875679044,0.09205551880280455,0.2653879438153584,0.538773893659857,4.792245413512897
128.85797548892216,0.38975354994025097,128.85797548892216,0.0011940612365500384,0.06758587789180014,0.19097381665594632,0.39903791568951946,3.4238193648473363
154.99739977001525,0.309523458276572,154.99739977001525,0.0010618664003502415,0.047740822285483576,0.13584992531599085,0.33549641524921225,2.5281225800330365
188.79065909615264,0.23987706367671655,188.79065909615264,0.0008113065002650296,0.036082644411019944,0.09192613419178335,0.2678731962764844,1.4220090498651097
239.81574658342802,0.1736153030752772,239.81574658342802,0.0005168238500786187,0.022836301846698544,0.08419683308289273,0.19535916780990145,1.0467039440729218
316.68014075899947,0.11657316687254816,316.68014075899947,0.000317044371547858,0.021331497444792343,0.06837774720412572,0.15461902435339941,0.7675109897135745
633.3602815179989,0.03787609423455275,633.3602815179989,0.00024647975236006956,0.014632372882896502,0.04467336127519702,0.09434517977146067,0.6377177106398925
1266.7205630359979,0.009833388667378535,1266.7205630359979,0.00016031092972271411,0.0065365005467516455,0.02146717425293279,0.04172910598159182,0.4716702663570225
2533.4411260719958,0.002023361393610848,2533.4411260719958,3.262350094131675e-05,0.0020089340294321884,0.006204570302900051,0.01506926125106355,0.15710475685160408
