radius (data) [pc],data [Msun/pc^2],error [Msun/pc^2],data - error [Msun/pc^2],data + error [Msun/pc^2],radius (analytic) [pc],analytic [(Msun/pc^3)/Sigma(r_1/2)],radius (models) [pc],M 95% CL low [(Msun/pc^3)/Sigma(r_1/2)],M 68% CL low [(Msun/pc^3)/Sigma(r_1/2)],M median [(Msun/pc^3)/Sigma(r_1/2)],M 68% CL high [(Msun/pc^3)/Sigma(r_1/2)],M 95% CL high [(Msun/pc^3)/Sigma(r_1/2)]
16.1639607287935,5.58930688171906,1.082753808080109,4.506553073638951,6.672060689799169,16.1639607287935,6.920285990311356,16.1639607287935,3.2489421578068636,4.460012421494308,5.59453749882508,6.656623657402333,10.85255431404216
38.686837132492975,4.47539692884441,0.866826253881812,3.608570674962599,5.342223182726223,38.686837132492975,5.300845319662036,38.686837132492975,2.764375355298974,3.581370347631976,4.161721059357792,4.67784644992019,7.074774745476763
53.4127402812162,4.01817284020905,0.752226782912596,3.265946057296462,4.770399623121654,53.4127402812162,4.199579424780253,53.4127402812162,2.206576837905787,2.971908381545373,3.2265382671232463,3.8006784884208598,6.115524251205258
65.44428925475646,3.46456170603510,0.699533593112407,2.765028112922696,4.16409529914751,65.44428925475646,3.390164831638953,65.44428925475646,1.8796127044868152,2.444915247941126,2.7050385000098474,3.10242049949597,4.478020814510936
76.48301562420859,2.81411699717705,0.549958527616009,2.264158469561044,3.3640755247930634,76.48301562420859,2.744352441055862,76.48301562420859,1.513283496767303,2.0575273944936994,2.2436680283403083,2.410925543259684,3.2112244392544262
90.66723386803876,1.96986125137248,0.375196028046451,1.59466522332603,2.345057279418934,90.66723386803876,2.0640082641864215,90.66723386803876,1.2747415316744126,1.6075016603675254,1.733012343525255,2.003956423814835,2.4466789281822767
107.28706595935323,1.42725959127521,0.279601203435957,1.147658387839257,1.7068607947111722,107.28706595935323,1.4623214813113976,107.28706595935323,0.9129800617325476,1.2327499011477903,1.355642490761538,1.4744958686485423,1.852834429640592
127.28189834828981,0.96061001675994,0.184632142156651,0.7759778746032925,1.1452421589165955,127.28189834828981,0.9579801472988136,127.28189834828981,0.6613893661338924,0.8603146454856943,0.9662125663508987,1.0614361948407038,1.298848126788059
151.5380229744172,0.59732968031221,0.119471801781230,0.4778578785309833,0.7168014820934436,151.5380229744172,0.5890104941419242,151.5380229744172,0.39024934407243717,0.5794954573833069,0.623008574989244,0.6828860791497161,0.9355210781159835
184.5879186994499,0.33628849217674,0.066023871685610,0.27026462049113015,0.402312363862352,184.5879186994499,0.2968619533508182,184.5879186994499,0.24129720494167423,0.319744011721583,0.3617101511738345,0.3806169680604808,0.49922005106032574
230.5026957789292,0.18178517161732,0.037178901615045,0.14460627000228227,0.21896407323237416,230.5026957789292,0.15939379211578028,230.5026957789292,0.13268809562487366,0.16573725170789427,0.18453742110011073,0.2046062609415569,0.25157268232623514
306.0438044401027,0.05522253872084,0.012226037550159,0.042996501170689275,0.0674485762710087,306.0438044401027,0.06853656218683712,306.0438044401027,0.05793762126719063,0.08202806660059704,0.09020830606027283,0.10487462839294728,0.13024071054748618
