# edges,bins
-1.500000000000000000e+00,0.000000000000000000e+00
-1.000000000000000000e+00,0.000000000000000000e+00
-5.000000000000000000e-01,0.000000000000000000e+00
0.000000000000000000e+00,0.000000000000000000e+00
5.000000000000000000e-01,0.000000000000000000e+00
1.000000000000000000e+00,0.000000000000000000e+00
1.500000000000000000e+00,0.000000000000000000e+00
2.000000000000000000e+00,0.000000000000000000e+00
2.500000000000000000e+00,0.000000000000000000e+00
3.000000000000000000e+00,0.000000000000000000e+00
3.500000000000000000e+00,2.956521739130434923e-01
4.000000000000000000e+00,1.913043478260869623e-01
4.500000000000000000e+00,1.217391304347826136e-01
5.000000000000000000e+00,2.956521739130434923e-01
5.500000000000000000e+00,4.695652173913043570e-01
6.000000000000000000e+00,6.260869565217391797e-01
