# radius (models) [pc],M 95% CL low [1],M 68% CL low [1],M median [1],M 68% CL high [1],M 95% CL high [1]
2.256394649279303266e+01,-7.919290648671907240e-01,-9.728327881227208374e-02,-4.723744268717179617e-02,-3.297836958952210518e-02,2.986835387659477203e-01
5.337613043897662379e+01,-5.372095870574302712e-01,-4.555076024507213883e-02,-6.208288850311640718e-03,5.285162880183886212e-03,5.354915221817616588e-01
7.470466475518688299e+01,-4.178442074586858901e-01,-1.191859507710139182e-02,2.038101551526132552e-02,3.080101093169465912e-02,6.703039796323113642e-01
9.914468501960577385e+01,-3.232262051285519910e-01,2.253026600330848214e-02,5.005659446179241967e-02,5.908461607534320342e-02,7.901595534799493725e-01
1.292816780189140502e+02,-2.194585320623063107e-01,6.308259677416945543e-02,8.494780859937549333e-02,9.292390276217182832e-02,9.302266511947260286e-01
1.710951681149589376e+02,-1.113776750316270298e-01,1.145486425585210688e-01,1.307791154136639100e-01,1.379961623844770113e-01,1.000000000000000000e+00
2.350046816186589638e+02,2.312821037344684957e-02,1.857461063428474390e-01,1.964698911431164707e-01,2.060822139360329319e-01,1.000000000000000000e+00
3.300110229763188840e+02,1.731593124579240695e-01,2.792210891840835596e-01,2.852869617663507662e-01,3.059103961918696601e-01,1.000000000000000000e+00
4.697956793235183000e+02,3.331347779103840390e-01,3.972345046818572811e-01,4.015451055966203220e-01,4.492359179406011926e-01,1.000000000000000000e+00
7.026156533546377432e+02,5.217106616953883780e-01,5.589250231329059293e-01,5.696546039989883736e-01,6.537860762306164641e-01,1.000000000000000000e+00
