radius (analytic) [pc],analytic [Msun/pc^3],radius (models) [pc],M 95% CL low [Msun/pc^3],M 68% CL low [Msun/pc^3],M median [Msun/pc^3],M 68% CL high [Msun/pc^3],M 95% CL high [Msun/pc^3]
99.07357012825815,0.6900781710287278,99.07357012825815,0.03692792721977981,0.3059944458919717,0.8150373212949709,1.9808180890936806,19.42298136686637
241.86495052722992,0.21869812483815804,241.86495052722992,0.014496653746620299,0.12254146331637701,0.3831733514155625,0.9285746488980363,4.237177641872258
328.8490555466278,0.13897326234100968,328.8490555466278,0.009155376917044737,0.10737374711088661,0.336720639872921,0.7351961767524846,3.4021009540473615
409.64648147729434,0.09799259948630525,409.64648147729434,0.006942972051371732,0.08892457490013557,0.2550052663183555,0.4950476366771951,1.7494845765057052
487.85773797114365,0.07294782351485546,487.85773797114365,0.005971988383247861,0.06864394021583571,0.18367294535460807,0.3192728077153033,0.9075417087935518
565.3103288959834,0.05613304050642477,565.3103288959834,0.00574601733232568,0.056677923703819424,0.12324768078538777,0.2538336276062098,0.6813944662704342
646.07757311471,0.04377644840627836,646.07757311471,0.00497531208211272,0.0408873237362247,0.10176899159588572,0.20687537302042644,0.5568033705855127
736.6927762719278,0.033912204444901395,736.6927762719278,0.0031898210133240704,0.03480944734036619,0.06457615951821052,0.19075618283076176,0.5381913327323595
847.1888022047392,0.025517443268609063,847.1888022047392,0.0021241335143217465,0.023257174853614133,0.051929904465111976,0.15033602191150514,0.46129800673019633
977.0364362807908,0.018825802303091433,977.0364362807908,0.001873381317227102,0.019218828931566023,0.049774692408365316,0.12815769470803057,0.4213448148520357
1163.9170212743577,0.01270507814731214,1163.9170212743577,0.001298167156526889,0.015531303623034743,0.04613165372108291,0.1057183152937722,0.38283815977265
1571.2308165584946,0.006141636091159953,1571.2308165584946,0.0012852611627170536,0.01147445206707099,0.04357444150029996,0.0871134214902849,0.3465331296284844
3142.461633116989,0.000889091554122151,3142.461633116989,0.0011435797096397554,0.008841484945941286,0.021549727660522763,0.06059685185113611,0.24118600842450183
6284.923266233978,9.427541443160144e-0,6284.923266233978,0.0002933463725737559,0.0027222648655174167,0.007343093544021993,0.01717599272593377,0.14595976767093907
12569.846532467956,7.984787856076797e-0,12569.846532467956,1.7162723362573484e-05,0.0006889956281198581,0.001964755145887193,0.004158538500644073,0.0385958336515972
