radius (data) [pc],data [km/s],error [km/s],data - error [km/s],data + error [km/s],radius (analytic) [pc],analytic [km/s],radius (models) [pc],M 95% CL low [km/s],M 68% CL low [km/s],M median [km/s],M 68% CL high [km/s],M 95% CL high [km/s]
16.1639607287935,10.69735048,1.4653217367,9.232028752076362,12.162672225523638,16.1639607287935,0.0,16.1639607287935,7.201345778000692,9.861973829855993,10.643278037899,11.579815680286586,14.953946843357805
38.686837132492975,10.21841987,1.3992584944,8.81916138069728,11.61767836954782,38.686837132492975,0.0,38.686837132492975,7.976488350637034,9.724049180337811,10.234461196832,11.145550711038645,13.047996629106487
53.4127402812162,9.647919087,1.2311087683,8.416810319013335,10.879027855633813,53.4127402812162,0.0,53.4127402812162,8.039241460668174,9.349180156147867,9.7705787486623,10.53811434598532,12.129318997351534
65.44428925475646,9.182499955,1.3621278765,7.820372079418146,10.544627832551662,65.44428925475646,0.0,65.44428925475646,7.805967412282057,8.898531253227466,9.4033783111988,10.142574696420734,11.326476515354623
76.48301562420859,9.039790972,1.2600312153,7.779759756727896,10.299822187437943,76.48301562420859,0.0,76.48301562420859,7.4317904931113254,8.578745946653331,8.9379695920476,9.554648227323899,10.947706083654758
90.66723386803876,8.922596809,1.1808431920,7.7417536175882935,10.103440001610917,90.66723386803876,0.0,90.66723386803876,6.867591383808136,8.100153506709717,8.4773284806472,9.065619541306749,10.360209963365463
107.28706595935323,8.032394490,1.1249256456,6.907468844860903,9.157320136088925,107.28706595935323,0.0,107.28706595935323,6.143199604152894,7.426148434474086,7.9217103315186,8.36454153133772,9.797271638148706
127.28189834828981,7.857879432,1.0594599364,6.798419496559466,8.917339369427046,127.28189834828981,0.0,127.28189834828981,5.559558582699671,6.866120259934209,7.4034884842768,7.758578859116585,9.164312745831214
151.5380229744172,7.819810873,1.1396671294,6.68014374358269,8.959478002428709,151.5380229744172,0.0,151.5380229744172,5.196521659791526,6.407078808468472,6.8996810214887,7.160023496171675,8.532854802666773
184.5879186994499,6.592208419,0.9271934385,5.665014980627793,7.519401857663617,184.5879186994499,0.0,184.5879186994499,4.625755887743362,5.776569321742838,6.2420567426871,6.547154406779278,7.74351576013389
230.5026957789292,6.533440324,0.9922528007,5.541187524193182,7.52569312565563,230.5026957789292,0.0,230.5026957789292,4.2014216436723375,5.241021125784822,5.5682782655011,5.96636632222061,7.037918591249479
306.0438044401027,7.242638521,1.2597321970,5.982906324662588,8.502370718667088,306.0438044401027,0.0,306.0438044401027,3.7021430437063017,4.784150326505357,5.2869692466830,5.673049348888684,6.999954156176047
