# radius (models) [pc],M 95% CL low [1],M 68% CL low [1],M median [1],M 68% CL high [1],M 95% CL high [1]
1.884998741970739999e+01,-2.613813678927846329e+00,-3.451335227507457692e-01,-5.165921902813769978e-02,9.531573177741758940e-02,6.519268443562872273e-01
4.444529426690729679e+01,-1.374930353011919015e+00,-1.330322120233649319e-01,8.581612966235041551e-02,2.727513127955720762e-01,8.369752791218234567e-01
6.224582726072926420e+01,-1.010116164205309364e+00,-2.029674059154850524e-02,1.704399771753264126e-01,3.926508991921328073e-01,9.603164801509732618e-01
8.088011690482318272e+01,-7.221548992891396734e-01,6.616671080882430278e-02,2.583435359163283040e-01,5.123791426805858196e-01,1.000000000000000000e+00
1.042302424097725577e+02,-4.725824590998492503e-01,1.578153574976925988e-01,3.699930800968061484e-01,6.309367165345295403e-01,1.000000000000000000e+00
1.353322586321294523e+02,-2.470332699774183405e-01,2.664284323522942421e-01,4.910970771208744146e-01,7.776042546002632783e-01,1.000000000000000000e+00
1.847379672824513932e+02,-4.580534056032898454e-02,4.161561860110898348e-01,6.651473614799212619e-01,9.550576880353282005e-01,1.000000000000000000e+00
2.626849580573001504e+02,1.531476551212563597e-01,6.076614527045514080e-01,8.630877213738142872e-01,1.000000000000000000e+00,1.000000000000000000e+00
3.826244430250917503e+02,3.304960705372377294e-01,8.304773374191993796e-01,1.000000000000000000e+00,1.000000000000000000e+00,1.000000000000000000e+00
6.024018775977839368e+02,5.518134758101498338e-01,1.000000000000000000e+00,1.000000000000000000e+00,1.000000000000000000e+00,1.000000000000000000e+00
