radius (analytic) [pc],analytic [Msun/pc^3],radius (models) [pc],M 95% CL low [Msun/pc^3],M 68% CL low [Msun/pc^3],M median [Msun/pc^3],M 68% CL high [Msun/pc^3],M 95% CL high [Msun/pc^3]
56.19226943648881,0.3394931723797446,56.19226943648881,0.06246302668696135,2.092944877800789,6.252492455043444,18.086575122733624,457.62378609135965
127.44533698947356,0.27910878975789627,127.44533698947356,0.023933463939166018,0.8766128594539744,2.609331370350164,6.861709760466255,81.03709310815636
185.73956514019105,0.23993414876686567,185.73956514019105,0.01151278085333295,0.4498655414996588,1.2815431955281322,3.3143281791689474,37.308534875762135
240.9030428421081,0.20933721850104295,240.9030428421081,0.006565525794220901,0.2418360184092156,0.6703496554867512,1.6923390566316288,19.490000075547652
299.83778189135916,0.18213463048366899,299.83778189135916,0.004746814060037375,0.16068578109080742,0.43749307332508724,1.0991474695551942,12.734925196288824
367.0410678794617,0.15657243764030257,367.0410678794617,0.003518169487420224,0.1285245256094562,0.34853939470061884,0.8441060880096288,9.656776925284227
448.2760398543724,0.13167579842406663,448.2760398543724,0.0024617050350565143,0.10189900138421767,0.2739648686336012,0.6658877538257472,6.945849641811678
553.6866318535689,0.10665217356725351,553.6866318535689,0.0019267815642388239,0.07770256579428787,0.21642163753485527,0.5375736502849439,5.6583575620288835
713.2295078140434,0.0795450868328593,713.2295078140434,0.0014327706057549068,0.06276702323851695,0.17957453194345593,0.44854105157975216,4.688650661652541
991.0560959637311,0.050676838087009964,991.0560959637311,0.0010369052921872337,0.052837837548276305,0.15190006022663902,0.38108711641944015,3.9706819244100484
1982.1121919274622,0.015083011527565705,1982.1121919274622,0.0004889119851234689,0.03778765892615437,0.11900129308606548,0.3139975500246668,3.3076411359100617
3964.2243838549243,0.003269684040251913,3964.2243838549243,0.0002107454381351935,0.026596931263727478,0.09452789128823777,0.27105531009653433,2.9258408438355445
7928.448767709849,0.000561994370175154,7928.448767709849,3.801744846132575e-05,0.006349069197297305,0.02287146350294908,0.06480574451185322,0.7594385328221159
