# radius (models) [pc],M 95% CL low [Msun/pc^3],M 68% CL low [Msun/pc^3],M median [Msun/pc^3],M 68% CL high [Msun/pc^3],M 95% CL high [Msun/pc^3]
2.256394649279303266e+01,2.368987964638949364e-03,3.532277977097522670e-01,1.391414576599748987e+00,4.850025658856331745e+00,7.618686300241336085e+01
5.337613043897662379e+01,1.056231246260095355e-03,1.665819623232210611e-01,5.740418084126089893e-01,1.904683187577561831e+00,2.472159881528955694e+01
7.470466475518688299e+01,8.208824481793209043e-04,1.189397081656254490e-01,4.173862157857880506e-01,1.350621913479119751e+00,1.748411973126493280e+01
9.914468501960577385e+01,5.699766483874313438e-04,9.016169314177488459e-02,2.966135757775354986e-01,9.512102984591274124e-01,1.249946977411382143e+01
1.292816780189140502e+02,4.521143619184042508e-04,6.753568776031280974e-02,2.277235282554712359e-01,7.142720469617585000e-01,9.082503643291964579e+00
1.710951681149589376e+02,3.005876864146598670e-04,4.333219571854612234e-02,1.530276899059745122e-01,4.645956064005941077e-01,5.896332179504462090e+00
2.350046816186589638e+02,1.857403799162934597e-04,2.529700398477026380e-02,8.909083125778623213e-02,2.825869466248985828e-01,3.626232984991672570e+00
3.300110229763188840e+02,9.836001843849823275e-05,1.446166463473977197e-02,5.106668605434061536e-02,1.597123073554262418e-01,2.317212975106287320e+00
4.697956793235183000e+02,4.893123847973725616e-05,6.931210754498816004e-03,2.495203523343578200e-02,7.740525626378495783e-02,1.098040192774058621e+00
7.026156533546377432e+02,2.598513671384888637e-05,3.557495479279177471e-03,1.260176938467452538e-02,4.101309518890872835e-02,6.376543250958859321e-01
1.405231306709275486e+03,1.169531502799578808e-05,1.707505741644958341e-03,5.981175390865561305e-03,1.996322387896600631e-02,3.129275345187448321e-01
2.810462613418550973e+03,4.146424171727493230e-06,6.390110384382097393e-04,2.405702198333813796e-03,8.363730374921836408e-03,1.296917257791800338e-01
5.620925226837101945e+03,1.194388830965938037e-06,2.142113806636208092e-04,8.185557185069818834e-04,2.969097107672761734e-03,5.043116139477875348e-02
