radius (analytic) [pc],analytic [log(Msun/pc^3)/log(pc)],radius (models) [pc],M 95% CL low [log(Msun/pc^3)/log(pc)],M 68% CL low [log(Msun/pc^3)/log(pc)],M median [log(Msun/pc^3)/log(pc)],M 68% CL high [log(Msun/pc^3)/log(pc)],M 95% CL high [log(Msun/pc^3)/log(pc)]
49.53678506412908,0.23033703915628126,49.53678506412908,0.01228049813793136,0.12262175711751007,0.4876041145652968,0.6726075005633695,2.49455745751038
99.07357012825815,1.1361979353348741,99.07357012825815,0.09580397728565149,0.4944538053521921,0.8237614514126852,1.508596996538809,4.6350225364955
241.86495052722992,1.2874967941881739,241.86495052722992,0.0028056559405511467,0.1988507422285055,0.32798558526510624,0.9455909499524753,2.9386651009171194
328.8490555466278,1.4758537220289176,328.8490555466278,0.006003993842197032,0.3844898716025837,0.8956052268138925,1.3256826048735735,4.029825990858917
409.64648147729434,1.5903342553843398,409.64648147729434,0.25550908672273254,1.1891859379210046,1.7425550942489243,2.2869559424995765,4.289766781374757
487.85773797114365,1.6891702136476854,487.85773797114365,0.02961701051342462,0.6543825293934822,1.0355333313126307,2.103067468163619,4.474563407499104
565.3103288959834,1.7782020924367838,565.3103288959834,0.13442211767468737,0.6851944343117867,0.9524789429796363,1.4975603229398609,3.441658132436216
646.07757311471,1.861762764803348,646.07757311471,0.0610748297561199,0.3750284158305397,1.235363463537713,2.1217252414320718,4.611161019824687
736.6927762719278,1.9452825805899732,736.6927762719278,0.3780603714049222,1.3161341363076797,2.2190131166881724,2.7418128500585985,4.468469470490983
847.1888022047392,2.035115170142765,847.1888022047392,0.03164977469313267,0.36722249046527633,0.6147667891954217,1.4771838533501864,3.818469698912342
977.0364362807908,2.132770617829576,977.0364362807908,0.014468659060993636,0.3371991854704316,0.7060235512324424,1.3141788952330922,3.7411439835797626
1163.9170212743577,2.246721792903153,1163.9170212743577,0.026184775903838498,0.379542672894445,0.6870498056360571,1.0336686259681218,2.800104060886735
1571.2308165584946,2.4224845088128135,1571.2308165584946,0.0008485723508873495,0.11082607131410126,0.20273584382508714,0.39358343806142954,1.5535448309844495
3142.461633116989,2.7882191379865757,3142.461633116989,0.045783306448572786,0.3366468376058209,0.6354471371678011,0.9503768778473585,2.200140217122082
6284.923266233978,3.2373784955624463,6284.923266233978,0.6604585882895267,1.7215124574445384,2.6570961713336283,3.0680827079375597,4.7815545869631855
12569.846532467956,3.561555604421122,12569.846532467956,0.03159047875165136,0.8238626933142661,1.2062357358582205,1.6398235936294125,3.8314772111670576
125698.46532467956,3.8685775333611043,125698.46532467956,3.614597358133874,4.9212676709396534,5.423980938260504,6.06606175400058,7.225428328563699
